   0.0000000e+00   4.7706926e-01
   1.0000000e-03   5.5834881e-01
   2.0000000e-03  -2.4886421e-01
   3.0000000e-03   4.9327848e-01
   4.0000000e-03   1.5650822e-01
   5.0000000e-03  -4.4011402e-01
   6.0000000e-03  -3.2095961e-01
   7.0000000e-03  -1.0832996e-01
   8.0000000e-03   2.5804901e-01
   9.0000000e-03   2.3702281e-01
   1.0000000e-02  -5.8004134e-01
   1.1000000e-02   2.4272705e-01
   1.2000000e-02   2.5770912e-01
   1.3000000e-02  -1.6983583e-01
   1.4000000e-02   2.0082264e-01
   1.5000000e-02  -3.9576809e-01
   1.6000000e-02  -5.4089744e-02
   1.7000000e-02   4.9563815e-01
   1.8000000e-02   4.1635630e-01
   1.9000000e-02   6.1204930e-01
   2.0000000e-02   3.1808627e-01
   2.1000000e-02  -3.1173144e-01
   2.2000000e-02   4.7327828e-01
   2.3000000e-02   8.7821587e-01
   2.4000000e-02   5.8304413e-01
   2.5000000e-02   6.1608570e-01
   2.6000000e-02   1.4367464e-01
   2.7000000e-02  -2.6298446e-01
   2.8000000e-02  -4.3979935e-02
   2.9000000e-02  -5.5667904e-01
   3.0000000e-02  -3.1608338e-02
   3.1000000e-02  -6.9603288e-01
   3.2000000e-02  -4.2253484e-01
   3.3000000e-02  -6.0904009e-01
   3.4000000e-02  -5.0232604e-01
   3.5000000e-02   2.8580340e-01
   3.6000000e-02   2.1897760e-01
   3.7000000e-02  -1.0299790e-01
   3.8000000e-02   5.7437102e-01
   3.9000000e-02  -3.1299704e-01
   4.0000000e-02   1.0108993e-01
   4.1000000e-02   3.4115335e-02
   4.2000000e-02   3.8966576e-01
   4.3000000e-02   3.7510253e-01
   4.4000000e-02  -2.8897842e-01
   4.5000000e-02  -4.7890030e-02
   4.6000000e-02  -1.5387162e-01
   4.7000000e-02  -8.8984662e-03
   4.8000000e-02   3.7022701e-01
   4.9000000e-02   4.0298095e-01
   5.0000000e-02  -6.9629349e-02
   5.1000000e-02  -4.8163052e-02
   5.2000000e-02  -4.4359821e-02
   5.3000000e-02  -4.9259974e-01
   5.4000000e-02  -4.8046014e-01
   5.5000000e-02  -3.9290374e-02
   5.6000000e-02   4.8389293e-01
   5.7000000e-02  -7.9711649e-02
   5.8000000e-02   2.0941672e-01
   5.9000000e-02  -1.2363118e-01
   6.0000000e-02   4.1361263e-01
   6.1000000e-02  -9.2348007e-02
   6.2000000e-02   1.3010602e-01
   6.3000000e-02   2.7897935e-01
   6.4000000e-02   4.1505223e-01
   6.5000000e-02   4.2163700e-01
   6.6000000e-02  -5.2242295e-02
   6.7000000e-02  -5.1658703e-01
   6.8000000e-02  -5.5016382e-01
   6.9000000e-02  -4.7035747e-01
   7.0000000e-02   1.0306283e-01
   7.1000000e-02  -4.7358355e-01
   7.2000000e-02   1.1482700e-01
   7.3000000e-02  -4.1168651e-01
   7.4000000e-02   7.0196580e-01
   7.5000000e-02   2.0032934e-01
   7.6000000e-02  -2.7925578e-01
   7.7000000e-02  -1.6901352e-01
   7.8000000e-02   2.4019365e-01
   7.9000000e-02   1.2584573e-01
   8.0000000e-02   1.4005081e-02
   8.1000000e-02   4.8338551e-01
   8.2000000e-02   2.0941306e-01
   8.3000000e-02   1.2962623e-01
   8.4000000e-02   4.4134264e-01
   8.5000000e-02  -2.5181541e-01
   8.6000000e-02   1.5774240e-01
   8.7000000e-02   9.8517618e-02
   8.8000000e-02  -3.1901198e-01
   8.9000000e-02  -1.6004409e-01
   9.0000000e-02  -6.6180014e-01
   9.1000000e-02  -6.7391561e-01
   9.2000000e-02  -1.6866027e-01
   9.3000000e-02   1.2395575e-01
   9.4000000e-02   3.3455286e-01
   9.5000000e-02  -4.0774822e-01
   9.6000000e-02   9.2972634e-02
   9.7000000e-02   4.9293266e-02
   9.8000000e-02  -3.6394896e-01
   9.9000000e-02   3.5783952e-01
   1.0000000e-01   2.0852788e-01
   1.0100000e-01   8.4668142e-01
   1.0200000e-01  -6.4635985e-02
   1.0300000e-01   1.0843576e-01
   1.0400000e-01  -3.1020230e-01
   1.0500000e-01   6.4327516e-02
   1.0600000e-01  -3.3648654e-01
   1.0700000e-01  -1.1323778e-03
   1.0800000e-01  -1.0243322e-02
   1.0900000e-01   2.0285864e-02
   1.1000000e-01  -2.8711283e-01
   1.1100000e-01  -6.4404435e-01
   1.1200000e-01  -4.7048086e-01
   1.1300000e-01   2.5812589e-01
   1.1400000e-01  -4.4707981e-01
   1.1500000e-01   2.8816255e-01
   1.1600000e-01   6.2491408e-02
   1.1700000e-01   5.7603734e-01
   1.1800000e-01  -2.9767550e-01
   1.1900000e-01   9.5235147e-02
   1.2000000e-01  -2.3100166e-01
   1.2100000e-01   6.1445496e-01
   1.2200000e-01  -3.7121680e-01
   1.2300000e-01   3.5481309e-01
   1.2400000e-01   7.0561219e-01
   1.2500000e-01   7.1104028e-01
   1.2600000e-01  -1.1918198e-01
   1.2700000e-01  -2.5542883e-01
   1.2800000e-01  -4.3958742e-01
   1.2900000e-01   7.2202751e-02
   1.3000000e-01  -3.0624060e-01
   1.3100000e-01   1.8278187e-01
   1.3200000e-01  -5.1761080e-01
   1.3300000e-01  -3.9140856e-01
   1.3400000e-01  -4.5391884e-01
   1.3500000e-01  -4.0158587e-01
   1.3600000e-01   3.9344118e-01
   1.3700000e-01   1.5960721e-01
   1.3800000e-01   1.7400917e-01
   1.3900000e-01  -2.0248832e-01
   1.4000000e-01   5.1537669e-01
   1.4100000e-01   2.7461201e-01
   1.4200000e-01  -2.4898646e-02
   1.4300000e-01   9.3152165e-02
   1.4400000e-01  -7.4042993e-02
   1.4500000e-01  -4.6168773e-01
   1.4600000e-01  -3.5954167e-01
   1.4700000e-01  -5.3189254e-01
   1.4800000e-01  -5.1555004e-01
   1.4900000e-01  -1.2775320e-01
   1.5000000e-01   5.5612643e-02
   1.5100000e-01  -2.8637130e-01
   1.5200000e-01   2.0325829e-01
   1.5300000e-01   2.8957571e-01
   1.5400000e-01  -1.0859373e-01
   1.5500000e-01  -4.8401787e-02
   1.5600000e-01  -1.3813162e-01
   1.5700000e-01   4.7995647e-01
   1.5800000e-01  -6.6042458e-03
   1.5900000e-01  -2.3624037e-01
   1.6000000e-01   4.4259764e-01
   1.6100000e-01   4.2295714e-02
   1.6200000e-01  -1.3415974e-01
   1.6300000e-01  -1.6185230e-02
   1.6400000e-01  -3.7939650e-01
   1.6500000e-01  -4.0568113e-01
   1.6600000e-01   3.4259277e-01
   1.6700000e-01   3.0092306e-01
   1.6800000e-01  -1.2424923e-01
   1.6900000e-01  -6.6808619e-01
   1.7000000e-01  -5.0287451e-01
   1.7100000e-01  -3.7470716e-01
   1.7200000e-01   1.2173622e-01
   1.7300000e-01  -6.3980804e-01
   1.7400000e-01  -5.5643402e-01
   1.7500000e-01   3.3356037e-03
   1.7600000e-01   5.6110445e-01
   1.7700000e-01   3.1162501e-01
   1.7800000e-01   2.7189494e-01
   1.7900000e-01   1.0348058e-01
   1.8000000e-01   2.0935447e-01
   1.8100000e-01  -5.1122317e-02
   1.8200000e-01   3.6884178e-01
   1.8300000e-01  -2.3114236e-01
   1.8400000e-01   2.1092441e-01
   1.8500000e-01  -3.5414327e-01
   1.8600000e-01  -2.3097323e-01
   1.8700000e-01  -2.9592916e-02
   1.8800000e-01   8.0769610e-02
   1.8900000e-01  -6.4673996e-01
   1.9000000e-01   1.9173155e-01
   1.9100000e-01   4.7846950e-02
   1.9200000e-01  -2.1266619e-01
   1.9300000e-01  -2.1935289e-01
   1.9400000e-01  -1.5267408e-01
   1.9500000e-01  -2.3130495e-01
   1.9600000e-01   3.2657628e-02
   1.9700000e-01   9.0674189e-02
   1.9800000e-01   4.4177668e-01
   1.9900000e-01   4.4738829e-01
   2.0000000e-01   6.7466370e-01
   2.0100000e-01   4.1500626e-01
   2.0200000e-01   8.3540943e-01
   2.0300000e-01   1.1272821e-01
   2.0400000e-01  -1.2512392e-01
   2.0500000e-01   4.0134714e-01
   2.0600000e-01   2.7648499e-01
   2.0700000e-01  -1.0505513e-01
   2.0800000e-01  -7.6982739e-02
   2.0900000e-01  -1.4082102e-01
   2.1000000e-01  -5.2991213e-01
   2.1100000e-01  -4.2661940e-01
   2.1200000e-01  -2.2853448e-01
   2.1300000e-01  -4.2472332e-01
   2.1400000e-01   2.4485097e-01
   2.1500000e-01  -3.4289014e-01
   2.1600000e-01  -2.4992925e-01
   2.1700000e-01  -2.4938933e-01
   2.1800000e-01  -1.4818673e-01
   2.1900000e-01   8.8255562e-02
   2.2000000e-01  -2.6552139e-02
   2.2100000e-01   5.7593652e-01
   2.2200000e-01   5.4356364e-02
   2.2300000e-01  -2.3528106e-01
   2.2400000e-01   4.2902994e-01
   2.2500000e-01   8.0609395e-01
   2.2600000e-01   2.1925215e-01
   2.2700000e-01  -1.4841225e-01
   2.2800000e-01  -4.4139313e-01
   2.2900000e-01  -3.1914588e-01
   2.3000000e-01  -1.4275835e-01
   2.3100000e-01  -4.6565398e-01
   2.3200000e-01  -9.6614735e-02
   2.3300000e-01   5.6004304e-02
   2.3400000e-01  -3.7771109e-01
   2.3500000e-01  -4.2023677e-01
   2.3600000e-01  -1.7917515e-01
   2.3700000e-01  -1.0131907e-01
   2.3800000e-01   4.8315733e-02
   2.3900000e-01   1.6041516e-01
   2.4000000e-01  -2.5213863e-01
   2.4100000e-01  -8.4960888e-02
   2.4200000e-01   4.2516360e-01
   2.4300000e-01  -3.9087710e-01
   2.4400000e-01   4.5300311e-01
   2.4500000e-01   1.9267644e-01
   2.4600000e-01  -1.1084885e-01
   2.4700000e-01  -7.6686415e-02
   2.4800000e-01  -4.6217424e-01
   2.4900000e-01  -2.6901690e-01
   2.5000000e-01   5.8543411e-01
   2.5100000e-01   1.9477999e-01
   2.5200000e-01   2.1335801e-01
   2.5300000e-01  -4.2361709e-01
   2.5400000e-01  -1.1056008e-01
   2.5500000e-01   8.6405662e-02
   2.5600000e-01   2.0328451e-01
   2.5700000e-01  -2.4582160e-02
   2.5800000e-01  -8.4143784e-03
   2.5900000e-01   6.4053888e-01
   2.6000000e-01  -2.9991556e-01
   2.6100000e-01   5.3772489e-01
   2.6200000e-01   5.3743580e-01
   2.6300000e-01   3.7608650e-01
   2.6400000e-01  -3.7713875e-01
   2.6500000e-01  -2.7578324e-01
   2.6600000e-01  -2.6410098e-01
   2.6700000e-01   2.4516475e-02
   2.6800000e-01  -5.6290469e-01
   2.6900000e-01  -6.6382305e-03
   2.7000000e-01  -6.3089256e-01
   2.7100000e-01  -7.4108380e-02
   2.7200000e-01  -2.0528389e-01
   2.7300000e-01   1.2384025e-01
   2.7400000e-01   1.1557925e-01
   2.7500000e-01   3.6606613e-01
   2.7600000e-01   7.8691148e-01
   2.7700000e-01   3.0174568e-01
   2.7800000e-01   3.2289481e-01
   2.7900000e-01  -1.4963330e-01
   2.8000000e-01  -3.0711348e-01
   2.8100000e-01   3.9663114e-01
   2.8200000e-01   1.2417141e-01
   2.8300000e-01   5.9824766e-02
   2.8400000e-01   4.2887121e-01
   2.8500000e-01   7.2212223e-02
   2.8600000e-01   1.8208565e-02
   2.8700000e-01   2.0423083e-01
   2.8800000e-01   1.0603160e-01
   2.8900000e-01  -1.5114421e-01
   2.9000000e-01  -5.5473196e-01
   2.9100000e-01  -4.8793372e-01
   2.9200000e-01   1.8705411e-01
   2.9300000e-01  -6.2653732e-01
   2.9400000e-01  -1.0955644e-01
   2.9500000e-01  -3.6972728e-01
   2.9600000e-01   5.0282962e-01
   2.9700000e-01   2.9259710e-01
   2.9800000e-01   1.2462060e-01
   2.9900000e-01   1.2364525e-01
   3.0000000e-01  -2.7803556e-01
   3.0100000e-01   7.0236878e-01
   3.0200000e-01   5.0260111e-02
   3.0300000e-01   5.0868089e-02
   3.0400000e-01   4.5798816e-02
   3.0500000e-01  -4.4092440e-01
   3.0600000e-01   2.1869073e-01
   3.0700000e-01   1.6233562e-01
   3.0800000e-01   2.2981768e-02
   3.0900000e-01  -5.7800029e-01
   3.1000000e-01  -7.8049173e-02
   3.1100000e-01  -2.0927079e-01
   3.1200000e-01   2.7351673e-01
   3.1300000e-01  -6.2199836e-03
   3.1400000e-01   2.0087275e-01
   3.1500000e-01  -8.3856717e-02
   3.1600000e-01  -4.3459523e-02
   3.1700000e-01   4.0521642e-01
   3.1800000e-01  -2.9238121e-01
   3.1900000e-01  -2.1427211e-01
   3.2000000e-01  -1.6426581e-01
   3.2100000e-01   4.3494680e-02
   3.2200000e-01   4.5552872e-01
   3.2300000e-01   3.8326702e-01
   3.2400000e-01  -4.1537985e-01
   3.2500000e-01  -1.3839666e-01
   3.2600000e-01   2.9125801e-01
   3.2700000e-01   1.4126799e-01
   3.2800000e-01   3.5292207e-01
   3.2900000e-01  -9.9892370e-02
   3.3000000e-01  -4.4567035e-01
   3.3100000e-01  -2.9621456e-01
   3.3200000e-01  -6.8397070e-01
   3.3300000e-01   3.2885225e-01
   3.3400000e-01  -4.3228941e-01
   3.3500000e-01  -4.3143808e-01
   3.3600000e-01  -1.0344129e-01
   3.3700000e-01  -2.2197897e-01
   3.3800000e-01   1.1383661e-01
   3.3900000e-01  -7.9497092e-03
   3.4000000e-01   6.1397604e-01
   3.4100000e-01   5.7288892e-01
   3.4200000e-01  -3.2317403e-01
   3.4300000e-01   3.1776072e-01
   3.4400000e-01  -2.0673160e-01
   3.4500000e-01  -1.1481881e-01
   3.4600000e-01  -5.1586923e-02
   3.4700000e-01   2.8752551e-01
   3.4800000e-01  -2.8171372e-01
   3.4900000e-01   2.5518674e-01
   3.5000000e-01  -4.3619948e-01
   3.5100000e-01  -2.6766973e-02
   3.5200000e-01   3.4256103e-01
   3.5300000e-01   2.7543499e-01
   3.5400000e-01   9.8647695e-02
   3.5500000e-01   1.2887349e-01
   3.5600000e-01  -2.9771857e-01
   3.5700000e-01  -2.9208298e-01
   3.5800000e-01   6.2322937e-01
   3.5900000e-01  -1.7632206e-01
   3.6000000e-01  -3.0505361e-01
   3.6100000e-01   2.1375667e-01
   3.6200000e-01   5.0601547e-01
   3.6300000e-01   2.4907793e-01
   3.6400000e-01  -2.8541776e-01
   3.6500000e-01  -1.6873788e-01
   3.6600000e-01  -1.3873189e-01
   3.6700000e-01   3.2642647e-01
   3.6800000e-01  -5.4305287e-01
   3.6900000e-01   1.2765708e-01
   3.7000000e-01  -9.2889889e-02
   3.7100000e-01  -3.5159352e-01
   3.7200000e-01  -5.0853413e-01
   3.7300000e-01  -2.2695848e-01
   3.7400000e-01  -1.1743576e-01
   3.7500000e-01  -4.1704281e-01
   3.7600000e-01   1.1365646e-01
   3.7700000e-01   1.7777030e-01
   3.7800000e-01   3.9628810e-01
   3.7900000e-01   2.3554326e-01
   3.8000000e-01  -8.5848303e-02
   3.8100000e-01  -5.7002458e-02
   3.8200000e-01   2.4123986e-01
   3.8300000e-01  -1.5481647e-01
   3.8400000e-01   3.4852524e-01
   3.8500000e-01   4.4500897e-01
   3.8600000e-01   1.3079097e-01
   3.8700000e-01  -3.1133447e-01
   3.8800000e-01  -1.1538849e-01
   3.8900000e-01  -6.2009671e-01
   3.9000000e-01   1.6865372e-01
   3.9100000e-01   1.5178800e-01
   3.9200000e-01   1.1830273e-01
   3.9300000e-01  -3.9448348e-01
   3.9400000e-01  -5.1015740e-03
   3.9500000e-01  -5.1514183e-01
   3.9600000e-01  -5.0591707e-02
   3.9700000e-01  -1.0737849e-01
   3.9800000e-01  -2.1436628e-01
   3.9900000e-01  -1.6867694e-01
   4.0000000e-01   8.5231263e-02
   4.0100000e-01  -2.5321378e-01
   4.0200000e-01   5.9035264e-01
   4.0300000e-01   4.3434688e-01
   4.0400000e-01   6.1945829e-01
   4.0500000e-01   1.6223342e-01
   4.0600000e-01   3.9072934e-02
   4.0700000e-01  -6.2160764e-01
   4.0800000e-01  -6.3065173e-01
   4.0900000e-01  -4.0826599e-01
   4.1000000e-01  -2.0679015e-01
   4.1100000e-01  -7.3420021e-02
   4.1200000e-01  -2.9183863e-01
   4.1300000e-01   1.6476975e-01
   4.1400000e-01   1.1890112e-01
   4.1500000e-01   4.3099490e-01
   4.1600000e-01   5.5482880e-02
   4.1700000e-01  -9.4951694e-02
   4.1800000e-01  -2.7022182e-01
   4.1900000e-01   2.6351554e-01
   4.2000000e-01   4.4114782e-01
   4.2100000e-01   7.6009796e-02
   4.2200000e-01  -2.8502774e-01
   4.2300000e-01  -1.5362588e-01
   4.2400000e-01  -3.2219431e-01
   4.2500000e-01  -2.5664912e-01
   4.2600000e-01  -1.5937269e-01
   4.2700000e-01   2.3561127e-01
   4.2800000e-01   1.3748654e-01
   4.2900000e-01   5.4286587e-01
   4.3000000e-01  -2.1960232e-01
   4.3100000e-01   2.1575690e-01
   4.3200000e-01  -6.1748727e-02
   4.3300000e-01   3.0248246e-01
   4.3400000e-01  -3.5875079e-01
   4.3500000e-01   1.3846788e-01
   4.3600000e-01  -1.8678646e-01
   4.3700000e-01   2.5171079e-01
   4.3800000e-01   3.1928947e-01
   4.3900000e-01  -2.7945035e-01
   4.4000000e-01  -8.2864269e-02
   4.4100000e-01  -1.2340309e-01
   4.4200000e-01   2.9198170e-01
   4.4300000e-01   4.2429478e-01
   4.4400000e-01  -1.3138862e-01
   4.4500000e-01   2.4286523e-01
   4.4600000e-01   7.5874241e-02
   4.4700000e-01  -6.4849616e-01
   4.4800000e-01  -9.7287337e-02
   4.4900000e-01  -3.4109453e-01
   4.5000000e-01   1.7833682e-01
   4.5100000e-01  -7.2671467e-01
   4.5200000e-01  -2.3700867e-01
   4.5300000e-01   1.4465756e-01
   4.5400000e-01   2.5281854e-01
   4.5500000e-01   2.3250530e-01
   4.5600000e-01  -1.5337922e-01
   4.5700000e-01   3.6464192e-01
   4.5800000e-01   9.5506127e-02
   4.5900000e-01  -3.1168039e-01
   4.6000000e-01  -1.6178001e-01
   4.6100000e-01   3.7431491e-01
   4.6200000e-01   9.7634966e-02
   4.6300000e-01  -2.6737617e-01
   4.6400000e-01  -1.3472642e-01
   4.6500000e-01   6.9734788e-02
   4.6600000e-01  -4.0771257e-01
   4.6700000e-01   8.3215364e-02
   4.6800000e-01  -4.5660823e-01
   4.6900000e-01   1.8955861e-01
   4.7000000e-01  -4.6859284e-01
   4.7100000e-01   3.7634288e-02
   4.7200000e-01  -5.1079585e-01
   4.7300000e-01  -3.6771330e-01
   4.7400000e-01  -5.0834436e-01
   4.7500000e-01   3.8554955e-02
   4.7600000e-01   2.0751222e-01
   4.7700000e-01   1.2649574e-01
   4.7800000e-01   4.2139781e-01
   4.7900000e-01   6.8435966e-01
   4.8000000e-01   3.0996320e-01
   4.8100000e-01   3.3157363e-01
   4.8200000e-01   2.5993568e-01
   4.8300000e-01   5.2507674e-01
   4.8400000e-01  -2.6691610e-01
   4.8500000e-01   1.7162728e-01
   4.8600000e-01  -3.6322725e-01
   4.8700000e-01  -5.3581523e-01
   4.8800000e-01  -9.2153884e-02
   4.8900000e-01  -2.7772803e-01
   4.9000000e-01  -2.7892893e-01
   4.9100000e-01  -6.5920977e-02
   4.9200000e-01   7.0827690e-02
   4.9300000e-01  -3.0499346e-01
   4.9400000e-01   6.2551774e-02
   4.9500000e-01  -1.2149584e-01
   4.9600000e-01   3.6607813e-01
   4.9700000e-01   4.1281944e-01
   4.9800000e-01  -1.1941003e-01
   4.9900000e-01   2.6601761e-01
   5.0000000e-01   2.4459474e-01
   5.0100000e-01   1.9329621e-01
   5.0200000e-01   4.9409001e-01
   5.0300000e-01   2.1220165e-01
   5.0400000e-01   2.2558305e-01
   5.0500000e-01  -1.9239885e-02
   5.0600000e-01   3.4037165e-01
   5.0700000e-01  -9.6596013e-03
   5.0800000e-01  -2.1999460e-01
   5.0900000e-01  -8.8548768e-02
   5.1000000e-01  -1.9293832e-01
   5.1100000e-01  -8.0554249e-02
   5.1200000e-01  -1.5557189e-01
   5.1300000e-01   6.5835144e-02
   5.1400000e-01  -7.6962519e-02
   5.1500000e-01   4.5605020e-01
   5.1600000e-01  -2.5717439e-01
   5.1700000e-01  -3.1429910e-01
   5.1800000e-01  -2.6615356e-01
   5.1900000e-01  -2.8385175e-01
   5.2000000e-01   6.6925570e-02
   5.2100000e-01   1.0092979e-01
   5.2200000e-01  -1.0034850e-02
   5.2300000e-01   3.4340727e-01
   5.2400000e-01   1.5204535e-01
   5.2500000e-01   2.3432596e-01
   5.2600000e-01   3.3339575e-01
   5.2700000e-01   3.1752938e-01
   5.2800000e-01  -1.4390948e-01
   5.2900000e-01  -2.0963153e-01
   5.3000000e-01   3.5381191e-01
   5.3100000e-01  -6.3404570e-01
   5.3200000e-01  -1.7405342e-01
   5.3300000e-01  -1.2486726e-01
   5.3400000e-01   2.6168199e-01
   5.3500000e-01  -5.2801092e-02
   5.3600000e-01  -8.2394666e-02
   5.3700000e-01   2.5133376e-01
   5.3800000e-01   3.6540692e-01
   5.3900000e-01   1.7260934e-01
   5.4000000e-01   1.0058245e-02
   5.4100000e-01  -1.9744587e-01
   5.4200000e-01   2.1024104e-01
   5.4300000e-01  -1.5795206e-01
   5.4400000e-01  -4.3139693e-01
   5.4500000e-01   2.1727884e-01
   5.4600000e-01  -3.5667247e-01
   5.4700000e-01  -2.1280916e-01
   5.4800000e-01  -1.1661740e-02
   5.4900000e-01  -3.6863752e-01
   5.5000000e-01  -1.3143515e-03
   5.5100000e-01  -3.3315825e-01
   5.5200000e-01  -1.6041958e-02
   5.5300000e-01   4.8835954e-02
   5.5400000e-01   2.1820759e-01
   5.5500000e-01  -1.2687680e-01
   5.5600000e-01  -1.4499315e-01
   5.5700000e-01   4.2121215e-03
   5.5800000e-01  -1.0558060e-01
   5.5900000e-01  -1.5038932e-01
   5.6000000e-01   4.8406676e-01
   5.6100000e-01   8.2478287e-02
   5.6200000e-01   5.1191993e-01
   5.6300000e-01  -2.8914380e-02
   5.6400000e-01   2.9326336e-01
   5.6500000e-01  -1.4086291e-01
   5.6600000e-01   2.0905627e-01
   5.6700000e-01   9.9865623e-02
   5.6800000e-01  -3.2206228e-01
   5.6900000e-01  -5.1184681e-01
   5.7000000e-01   5.2752792e-02
   5.7100000e-01   2.2143818e-01
   5.7200000e-01  -3.7189239e-01
   5.7300000e-01   1.6052894e-02
   5.7400000e-01  -1.6081284e-01
   5.7500000e-01   2.9584617e-01
   5.7600000e-01   2.9300323e-01
   5.7700000e-01  -2.5284383e-01
   5.7800000e-01   4.8612945e-01
   5.7900000e-01   1.0137890e+00
   5.8000000e-01   5.6396903e-01
   5.8100000e-01   5.3683790e-01
   5.8200000e-01   2.1217503e-01
   5.8300000e-01  -2.6534503e-01
   5.8400000e-01  -2.7598820e-01
   5.8500000e-01  -1.3069959e-01
   5.8600000e-01   1.4924789e-01
   5.8700000e-01   1.7037234e-01
   5.8800000e-01   9.0505205e-02
   5.8900000e-01  -4.0934148e-01
   5.9000000e-01  -2.0359030e-01
   5.9100000e-01  -6.3791505e-01
   5.9200000e-01  -5.8775208e-01
   5.9300000e-01  -5.1891893e-01
   5.9400000e-01   7.9194480e-02
   5.9500000e-01  -4.2477407e-02
   5.9600000e-01  -2.8614062e-01
   5.9700000e-01   7.4908450e-02
   5.9800000e-01  -2.2824280e-01
   5.9900000e-01  -2.9246898e-01
   6.0000000e-01   5.1305825e-01
   6.0100000e-01   2.1311640e-01
   6.0200000e-01   5.5375784e-01
   6.0300000e-01   2.7656983e-01
   6.0400000e-01   4.7429994e-01
   6.0500000e-01   6.6094279e-01
   6.0600000e-01   6.7859608e-01
   6.0700000e-01   3.3370014e-01
   6.0800000e-01  -6.9893545e-01
   6.0900000e-01   1.3757286e-01
   6.1000000e-01  -1.2508796e-01
   6.1100000e-01   2.6208448e-01
   6.1200000e-01  -1.7177776e-01
   6.1300000e-01  -1.7568809e-01
   6.1400000e-01   2.0188978e-01
   6.1500000e-01  -3.0981149e-01
   6.1600000e-01   2.2243264e-02
   6.1700000e-01   4.8075511e-01
   6.1800000e-01   1.9881019e-01
   6.1900000e-01   4.9773506e-01
   6.2000000e-01   4.0098587e-01
   6.2100000e-01   2.3854391e-01
   6.2200000e-01  -1.2911650e-01
   6.2300000e-01   2.4631884e-01
   6.2400000e-01  -3.9236821e-01
   6.2500000e-01   8.8305359e-02
   6.2600000e-01   6.1486733e-02
   6.2700000e-01   7.4540379e-02
   6.2800000e-01   1.9129429e-01
   6.2900000e-01   6.1779749e-01
   6.3000000e-01   4.1057466e-01
   6.3100000e-01   2.4862076e-01
   6.3200000e-01   2.2885524e-01
   6.3300000e-01  -7.5121111e-02
   6.3400000e-01  -5.8247489e-01
   6.3500000e-01  -4.1679485e-01
   6.3600000e-01   3.8685969e-01
   6.3700000e-01   6.4199136e-02
   6.3800000e-01   4.6900465e-01
   6.3900000e-01  -1.3803804e-01
   6.4000000e-01   2.1463692e-01
   6.4100000e-01   2.8244026e-01
   6.4200000e-01  -3.4386001e-01
   6.4300000e-01   1.9461604e-01
   6.4400000e-01  -1.1343956e-01
   6.4500000e-01  -4.8812185e-01
   6.4600000e-01  -1.0988784e-01
   6.4700000e-01  -4.6270108e-01
   6.4800000e-01  -5.7637408e-01
   6.4900000e-01  -5.2237156e-01
   6.5000000e-01  -5.9113952e-01
   6.5100000e-01  -5.3879355e-01
   6.5200000e-01  -6.5680541e-01
   6.5300000e-01  -2.0013559e-02
   6.5400000e-01  -3.1759097e-01
   6.5500000e-01   3.7614225e-01
   6.5600000e-01   6.1035201e-01
   6.5700000e-01   7.9018638e-02
   6.5800000e-01   1.5995003e-01
   6.5900000e-01   9.7740043e-02
   6.6000000e-01  -2.1372215e-01
   6.6100000e-01   1.4291417e-01
   6.6200000e-01   4.7714713e-01
   6.6300000e-01   4.5383003e-01
   6.6400000e-01  -2.0555669e-01
   6.6500000e-01  -3.2919307e-01
   6.6600000e-01  -3.4478254e-02
   6.6700000e-01  -1.4899651e-02
   6.6800000e-01  -2.8242887e-01
   6.6900000e-01  -5.2189021e-01
   6.7000000e-01   2.1027870e-01
   6.7100000e-01  -6.4579452e-01
   6.7200000e-01  -5.9374840e-01
   6.7300000e-01  -5.1317035e-01
   6.7400000e-01  -4.3299738e-01
   6.7500000e-01   8.3304218e-02
   6.7600000e-01   9.7858738e-02
   6.7700000e-01  -3.6801949e-01
   6.7800000e-01   5.5535036e-01
   6.7900000e-01   3.8121856e-01
   6.8000000e-01   7.7138723e-01
   6.8100000e-01   1.0300138e-01
   6.8200000e-01   4.8458954e-01
   6.8300000e-01   5.1430774e-01
   6.8400000e-01   5.0854729e-01
   6.8500000e-01   3.2128439e-01
   6.8600000e-01   1.8610116e-01
   6.8700000e-01  -1.4183406e-01
   6.8800000e-01  -5.2185536e-01
   6.8900000e-01  -3.2927623e-01
   6.9000000e-01  -6.0372317e-01
   6.9100000e-01  -6.9697618e-01
   6.9200000e-01   2.3968388e-01
   6.9300000e-01  -3.5390541e-01
   6.9400000e-01  -3.0392399e-01
   6.9500000e-01  -2.0471814e-01
   6.9600000e-01  -8.7828399e-03
   6.9700000e-01   2.2810103e-01
   6.9800000e-01  -3.5062285e-01
   6.9900000e-01   4.9476349e-01
   7.0000000e-01   2.2137812e-01
   7.0100000e-01   5.0665683e-01
   7.0200000e-01  -2.7971833e-02
   7.0300000e-01   2.5929273e-02
   7.0400000e-01  -4.2161154e-01
   7.0500000e-01   6.6531080e-03
   7.0600000e-01   4.4639024e-01
   7.0700000e-01   7.4497519e-02
   7.0800000e-01   1.9902831e-01
   7.0900000e-01  -6.0971053e-01
   7.1000000e-01   2.5076350e-01
   7.1100000e-01  -1.8788363e-01
   7.1200000e-01   7.4595946e-03
   7.1300000e-01   3.4428014e-01
   7.1400000e-01  -3.1160848e-01
   7.1500000e-01  -1.2313189e-01
   7.1600000e-01  -1.1011085e-02
   7.1700000e-01   3.4385970e-01
   7.1800000e-01   4.4235301e-01
   7.1900000e-01  -2.4722158e-01
   7.2000000e-01  -1.5953747e-01
   7.2100000e-01   1.2191791e-02
   7.2200000e-01  -3.1914634e-01
   7.2300000e-01   1.0178830e-01
   7.2400000e-01  -1.4000205e-01
   7.2500000e-01  -3.6198540e-01
   7.2600000e-01  -3.9051115e-01
   7.2700000e-01   2.4994208e-01
   7.2800000e-01  -2.4066647e-02
   7.2900000e-01  -2.5939753e-01
   7.3000000e-01   5.3767805e-01
   7.3100000e-01  -2.4481415e-01
   7.3200000e-01   4.4096825e-01
   7.3300000e-01   8.1055979e-02
   7.3400000e-01  -3.7596399e-02
   7.3500000e-01  -3.5346033e-01
   7.3600000e-01   1.2136032e-01
   7.3700000e-01  -1.2016039e-01
   7.3800000e-01  -2.4172809e-01
   7.3900000e-01  -1.3484159e-01
   7.4000000e-01   5.5728725e-01
   7.4100000e-01  -2.7599031e-01
   7.4200000e-01  -1.3336447e-01
   7.4300000e-01  -3.6634298e-01
   7.4400000e-01  -3.4128970e-02
   7.4500000e-01  -5.2437123e-01
   7.4600000e-01   2.9773353e-01
   7.4700000e-01  -4.5855328e-01
   7.4800000e-01  -6.0608731e-01
   7.4900000e-01  -4.2049883e-01
   7.5000000e-01  -2.8159676e-01
   7.5100000e-01  -6.2619634e-01
   7.5200000e-01   2.9593190e-01
   7.5300000e-01  -3.2311864e-01
   7.5400000e-01  -3.0211101e-01
   7.5500000e-01  -4.7560920e-01
   7.5600000e-01   1.9743294e-01
   7.5700000e-01   1.7133890e-02
   7.5800000e-01   1.2957712e-01
   7.5900000e-01   4.1398276e-01
   7.6000000e-01   2.9341557e-01
   7.6100000e-01  -2.5755147e-01
   7.6200000e-01  -2.9498860e-01
   7.6300000e-01   3.5714316e-01
   7.6400000e-01   4.2928372e-01
   7.6500000e-01  -3.8824740e-03
   7.6600000e-01  -4.9030361e-01
   7.6700000e-01   1.7059738e-01
   7.6800000e-01  -3.6136011e-01
   7.6900000e-01  -4.3389268e-01
   7.7000000e-01   8.6590019e-03
   7.7100000e-01  -7.1752911e-01
   7.7200000e-01  -6.5101049e-01
   7.7300000e-01   1.2704645e-02
   7.7400000e-01   4.0101591e-03
   7.7500000e-01  -1.1551960e-02
   7.7600000e-01   2.5385842e-01
   7.7700000e-01   2.8715611e-01
   7.7800000e-01   4.0552602e-01
   7.7900000e-01  -5.9466147e-02
   7.8000000e-01   3.5487756e-01
   7.8100000e-01   5.8026671e-01
   7.8200000e-01   4.0754977e-01
   7.8300000e-01  -3.5850671e-01
   7.8400000e-01   3.0432450e-01
   7.8500000e-01  -2.0007056e-01
   7.8600000e-01   8.4080826e-03
   7.8700000e-01   8.6042573e-02
   7.8800000e-01  -5.9464458e-01
   7.8900000e-01  -5.9997735e-01
   7.9000000e-01  -1.8811432e-01
   7.9100000e-01  -2.4263632e-01
   7.9200000e-01   1.9101785e-01
   7.9300000e-01   1.4374880e-01
   7.9400000e-01   1.3488326e-01
   7.9500000e-01  -4.8632254e-01
   7.9600000e-01  -4.0296573e-01
   7.9700000e-01  -3.3156992e-01
   7.9800000e-01   4.2249984e-01
   7.9900000e-01   5.9556502e-01
   8.0000000e-01   3.4606115e-01
   8.0100000e-01  -2.1536017e-01
   8.0200000e-01   3.4687351e-01
   8.0300000e-01  -3.0974389e-01
   8.0400000e-01  -3.5835817e-01
   8.0500000e-01   1.0306350e-01
   8.0600000e-01   9.6396390e-02
   8.0700000e-01   3.8148055e-01
   8.0800000e-01   4.4839364e-01
   8.0900000e-01  -1.4468000e-01
   8.1000000e-01   2.3779022e-03
   8.1100000e-01  -4.9303881e-01
   8.1200000e-01   3.5499717e-02
   8.1300000e-01   3.1538705e-01
   8.1400000e-01   2.6747247e-01
   8.1500000e-01  -4.5141990e-01
   8.1600000e-01  -1.0941441e-01
   8.1700000e-01  -5.0898571e-02
   8.1800000e-01   3.0917745e-01
   8.1900000e-01   2.5049851e-01
   8.2000000e-01   4.5170952e-01
   8.2100000e-01   2.0209796e-02
   8.2200000e-01  -1.6982317e-01
   8.2300000e-01  -3.3343083e-01
   8.2400000e-01   2.9608289e-01
   8.2500000e-01  -3.3197990e-01
   8.2600000e-01  -2.1118619e-01
   8.2700000e-01  -1.0343294e-01
   8.2800000e-01  -4.7050457e-01
   8.2900000e-01  -8.5925109e-02
   8.3000000e-01  -2.5317405e-01
   8.3100000e-01  -2.1298020e-01
   8.3200000e-01   4.6135414e-01
   8.3300000e-01  -1.5988515e-01
   8.3400000e-01  -3.0539149e-01
   8.3500000e-01  -3.0028141e-01
   8.3600000e-01   5.5021230e-02
   8.3700000e-01  -3.2859864e-01
   8.3800000e-01   2.9464393e-02
   8.3900000e-01  -2.4259688e-01
   8.4000000e-01  -2.2537046e-01
   8.4100000e-01   4.3698477e-01
   8.4200000e-01  -8.4280709e-02
   8.4300000e-01   1.8343606e-01
   8.4400000e-01   4.8857164e-01
   8.4500000e-01  -1.0516943e-01
   8.4600000e-01   9.5294370e-02
   8.4700000e-01   1.0288780e-01
   8.4800000e-01  -2.6681550e-01
   8.4900000e-01  -7.2367689e-02
   8.5000000e-01  -6.2789938e-01
   8.5100000e-01   2.0589412e-01
   8.5200000e-01  -5.1199702e-01
   8.5300000e-01  -3.8903264e-01
   8.5400000e-01   1.9837244e-01
   8.5500000e-01  -5.0050650e-02
   8.5600000e-01   2.9310724e-01
   8.5700000e-01   3.5078937e-01
   8.5800000e-01   2.8780777e-01
   8.5900000e-01  -3.1020849e-01
   8.6000000e-01   3.3564049e-01
   8.6100000e-01   8.2121337e-02
   8.6200000e-01   7.5888208e-02
   8.6300000e-01   1.8975979e-01
   8.6400000e-01  -4.1644773e-01
   8.6500000e-01  -2.2184299e-01
   8.6600000e-01   1.7326431e-01
   8.6700000e-01   4.1221513e-02
   8.6800000e-01  -5.7412564e-01
   8.6900000e-01  -5.9771428e-01
   8.7000000e-01  -6.4530209e-01
   8.7100000e-01  -7.2004544e-01
   8.7200000e-01  -2.7634844e-01
   8.7300000e-01   3.6169867e-04
   8.7400000e-01   1.2346470e-01
   8.7500000e-01  -6.4451322e-03
   8.7600000e-01  -3.6703309e-01
   8.7700000e-01   2.1166900e-01
   8.7800000e-01  -2.4935116e-01
   8.7900000e-01  -2.1313982e-01
   8.8000000e-01  -2.3906033e-01
   8.8100000e-01  -2.0541587e-01
   8.8200000e-01   1.6328027e-01
   8.8300000e-01   1.6287155e-01
   8.8400000e-01  -1.5837125e-01
   8.8500000e-01  -2.2122543e-01
   8.8600000e-01  -3.8189452e-01
   8.8700000e-01  -4.0416963e-01
   8.8800000e-01   1.9346458e-01
   8.8900000e-01  -2.4642505e-02
   8.9000000e-01  -1.8191648e-01
   8.9100000e-01  -5.4343206e-01
   8.9200000e-01  -4.8742698e-01
   8.9300000e-01  -5.7786467e-01
   8.9400000e-01   3.1434259e-01
   8.9500000e-01   1.6906079e-01
   8.9600000e-01   8.1937940e-02
   8.9700000e-01  -1.0666839e-01
   8.9800000e-01  -2.0964746e-01
   8.9900000e-01   2.7505414e-01
   9.0000000e-01   6.5028031e-01
   9.0100000e-01  -1.7701110e-01
   9.0200000e-01  -1.1805878e-01
   9.0300000e-01  -2.3298057e-02
   9.0400000e-01  -4.0185626e-01
   9.0500000e-01   1.4644164e-01
   9.0600000e-01  -1.9706949e-01
   9.0700000e-01   6.9450373e-01
   9.0800000e-01   8.5446161e-02
   9.0900000e-01   2.9136622e-01
   9.1000000e-01  -5.8328462e-01
   9.1100000e-01  -3.4652052e-01
   9.1200000e-01  -5.3832385e-01
   9.1300000e-01   1.0290096e-01
   9.1400000e-01   2.7165330e-01
   9.1500000e-01  -1.8687768e-01
   9.1600000e-01   2.0968468e-01
   9.1700000e-01  -1.2594874e-01
   9.1800000e-01   1.5477828e-01
   9.1900000e-01   4.8498026e-01
   9.2000000e-01   2.5983577e-01
   9.2100000e-01  -1.2131792e-02
   9.2200000e-01  -7.6626004e-02
   9.2300000e-01   3.2495166e-02
   9.2400000e-01  -5.3205374e-02
   9.2500000e-01  -1.7804811e-01
   9.2600000e-01  -4.1138625e-02
   9.2700000e-01   8.7333889e-02
   9.2800000e-01  -2.7512304e-01
   9.2900000e-01  -2.9850994e-01
   9.3000000e-01  -6.1278167e-01
   9.3100000e-01  -7.0343171e-01
   9.3200000e-01  -4.6392560e-02
   9.3300000e-01   4.1029107e-02
   9.3400000e-01   4.4879231e-01
   9.3500000e-01   4.1928150e-01
   9.3600000e-01   4.5987985e-01
   9.3700000e-01   3.7788959e-02
   9.3800000e-01  -1.3537263e-01
   9.3900000e-01   4.1645482e-01
   9.4000000e-01   4.2167296e-01
   9.4100000e-01   3.9320494e-01
   9.4200000e-01   3.6783731e-01
   9.4300000e-01  -3.1417696e-01
   9.4400000e-01   2.0570940e-01
   9.4500000e-01  -7.4393847e-02
   9.4600000e-01  -3.8729462e-01
   9.4700000e-01  -5.5669274e-01
   9.4800000e-01   1.2411665e-01
   9.4900000e-01  -5.5285599e-01
   9.5000000e-01  -5.7408452e-01
   9.5100000e-01  -6.1878513e-02
   9.5200000e-01   1.9493155e-01
   9.5300000e-01  -1.3865327e-01
   9.5400000e-01   1.0324448e-01
   9.5500000e-01  -3.8406405e-01
   9.5600000e-01   4.7760604e-01
   9.5700000e-01   1.2078671e-01
   9.5800000e-01   6.7860287e-01
   9.5900000e-01   7.9679895e-02
   9.6000000e-01   4.7154943e-01
   9.6100000e-01   4.0117575e-01
   9.6200000e-01  -2.5566401e-01
   9.6300000e-01   1.0494779e-01
   9.6400000e-01  -1.5001740e-01
   9.6500000e-01   8.7950141e-03
   9.6600000e-01  -2.0057707e-01
   9.6700000e-01  -2.4011809e-01
   9.6800000e-01  -5.1872006e-01
   9.6900000e-01  -4.7247899e-01
   9.7000000e-01  -7.1711865e-01
   9.7100000e-01   1.9580988e-01
   9.7200000e-01  -4.5757936e-02
   9.7300000e-01   2.7740210e-01
   9.7400000e-01  -4.3594546e-01
   9.7500000e-01   3.8344283e-01
   9.7600000e-01   3.1880686e-01
   9.7700000e-01   1.5729682e-01
   9.7800000e-01   6.4184569e-02
   9.7900000e-01  -8.9829386e-02
   9.8000000e-01   4.1429197e-01
   9.8100000e-01  -1.1877364e-01
   9.8200000e-01  -3.1166394e-01
   9.8300000e-01   7.1795214e-01
   9.8400000e-01   5.8191116e-01
   9.8500000e-01   1.7755809e-01
   9.8600000e-01   4.2603004e-02
   9.8700000e-01  -2.3616318e-01
   9.8800000e-01  -3.0869574e-01
   9.8900000e-01   8.8274374e-02
   9.9000000e-01  -4.2022656e-01
   9.9100000e-01   8.6674044e-02
   9.9200000e-01   8.9615690e-02
   9.9300000e-01   1.9705241e-01
   9.9400000e-01  -9.3821207e-02
   9.9500000e-01   9.8006963e-02
   9.9600000e-01   4.7504339e-01
   9.9700000e-01   2.3866780e-02
   9.9800000e-01  -3.1583221e-01
   9.9900000e-01   5.1930677e-01
   1.0000000e+00   2.9353431e-01
   1.0010000e+00   7.6305293e-03
   1.0020000e+00   6.2115224e-01
   1.0030000e+00  -1.9592588e-01
   1.0040000e+00   1.7660005e-01
   1.0050000e+00   6.7336216e-02
   1.0060000e+00  -2.1221239e-01
   1.0070000e+00  -5.1302432e-01
   1.0080000e+00  -3.0760284e-01
   1.0090000e+00   7.5806525e-02
   1.0100000e+00  -1.5515414e-01
   1.0110000e+00  -2.0904616e-03
   1.0120000e+00  -3.2909514e-01
   1.0130000e+00   1.8634861e-01
   1.0140000e+00   1.3477187e-01
   1.0150000e+00   3.3371447e-02
   1.0160000e+00  -2.9899597e-01
   1.0170000e+00   5.3728665e-01
   1.0180000e+00  -1.1052899e-01
   1.0190000e+00   5.7713777e-01
   1.0200000e+00  -1.1388402e-01
   1.0210000e+00   2.6120685e-02
   1.0220000e+00  -2.8835068e-01
   1.0230000e+00   2.2001917e-01
   1.0240000e+00  -2.9523414e-01
   1.0250000e+00  -4.9260332e-01
   1.0260000e+00   1.2371565e-01
   1.0270000e+00  -3.0777383e-01
   1.0280000e+00  -3.8841000e-02
   1.0290000e+00  -3.4399713e-01
   1.0300000e+00  -1.1030792e-01
   1.0310000e+00  -7.0621591e-01
   1.0320000e+00   2.1111216e-01
   1.0330000e+00   5.0806718e-01
   1.0340000e+00   5.2494966e-01
   1.0350000e+00   6.6985839e-01
   1.0360000e+00  -9.2544708e-02
   1.0370000e+00   1.9718186e-01
   1.0380000e+00   1.9964383e-01
   1.0390000e+00   1.8260858e-01
   1.0400000e+00  -6.2584670e-02
   1.0410000e+00  -9.8814163e-02
   1.0420000e+00   7.5787744e-02
   1.0430000e+00  -1.9238455e-01
   1.0440000e+00   3.2859856e-01
   1.0450000e+00   4.4844982e-01
   1.0460000e+00  -5.6946587e-01
   1.0470000e+00  -1.1954729e-01
   1.0480000e+00  -6.1238060e-01
   1.0490000e+00   7.4225711e-02
   1.0500000e+00   2.5149048e-01
   1.0510000e+00  -6.6091947e-01
   1.0520000e+00   2.3994054e-01
   1.0530000e+00  -6.3703394e-01
   1.0540000e+00   8.4380789e-02
   1.0550000e+00   2.4608205e-01
   1.0560000e+00   5.8286541e-02
   1.0570000e+00   4.6526208e-01
   1.0580000e+00   5.2315387e-01
   1.0590000e+00   6.5305450e-01
   1.0600000e+00   1.9061457e-01
   1.0610000e+00  -1.2964153e-01
   1.0620000e+00  -1.9370995e-01
   1.0630000e+00  -3.7827751e-01
   1.0640000e+00  -3.6890937e-01
   1.0650000e+00   7.8789059e-02
   1.0660000e+00   3.4020319e-01
   1.0670000e+00  -3.0075575e-01
   1.0680000e+00  -2.8882873e-01
   1.0690000e+00   2.5648369e-01
   1.0700000e+00   2.0792476e-01
   1.0710000e+00  -5.1221051e-02
   1.0720000e+00   2.8884444e-01
   1.0730000e+00   1.1161991e-01
   1.0740000e+00  -2.6275856e-01
   1.0750000e+00   1.2472743e-01
   1.0760000e+00  -2.3168574e-01
   1.0770000e+00  -1.2459012e-01
   1.0780000e+00   3.0432734e-01
   1.0790000e+00   1.8040371e-01
   1.0800000e+00   7.3939088e-02
   1.0810000e+00   2.5519510e-01
   1.0820000e+00   3.7466903e-01
   1.0830000e+00   1.6343580e-01
   1.0840000e+00   4.4650149e-01
   1.0850000e+00   4.3231619e-01
   1.0860000e+00  -8.7637905e-02
   1.0870000e+00  -5.7261875e-01
   1.0880000e+00   2.0112310e-02
   1.0890000e+00   2.6829038e-01
   1.0900000e+00  -3.8312012e-01
   1.0910000e+00   2.4339309e-01
   1.0920000e+00  -3.5300906e-01
   1.0930000e+00   2.3133239e-01
   1.0940000e+00  -1.4476296e-01
   1.0950000e+00  -1.2422714e-01
   1.0960000e+00  -2.5811896e-01
   1.0970000e+00  -2.9444279e-01
   1.0980000e+00  -6.6936433e-02
   1.0990000e+00   3.7866131e-01
   1.1000000e+00   4.4521765e-01
   1.1010000e+00   3.4634449e-01
   1.1020000e+00  -3.6604877e-01
   1.1030000e+00   4.2311596e-01
   1.1040000e+00   4.4648097e-01
   1.1050000e+00   2.3329979e-01
   1.1060000e+00  -5.5679797e-01
   1.1070000e+00  -2.7702534e-01
   1.1080000e+00   4.8817998e-03
   1.1090000e+00   3.6820732e-01
   1.1100000e+00  -1.3097736e-01
   1.1110000e+00  -6.0570997e-02
   1.1120000e+00  -2.6426660e-02
   1.1130000e+00  -1.7771928e-01
   1.1140000e+00   2.4258588e-02
   1.1150000e+00  -3.0120949e-01
   1.1160000e+00  -2.9872727e-01
   1.1170000e+00   4.0954601e-01
   1.1180000e+00   3.9107064e-01
   1.1190000e+00   5.8703515e-01
   1.1200000e+00  -2.2976552e-01
   1.1210000e+00  -1.6521562e-01
   1.1220000e+00  -2.7675574e-01
   1.1230000e+00   6.9666427e-02
   1.1240000e+00  -2.8260570e-01
   1.1250000e+00   3.5823715e-01
   1.1260000e+00  -5.0036818e-01
   1.1270000e+00  -6.1104590e-01
   1.1280000e+00  -1.4216267e-01
   1.1290000e+00   4.4629338e-02
   1.1300000e+00  -4.2571437e-01
   1.1310000e+00  -5.4888325e-01
   1.1320000e+00  -3.6050215e-01
   1.1330000e+00  -4.4506584e-01
   1.1340000e+00   2.7325470e-01
   1.1350000e+00   7.4710990e-01
   1.1360000e+00   5.4731291e-01
   1.1370000e+00  -3.1856349e-01
   1.1380000e+00   1.5003726e-02
   1.1390000e+00  -2.9282651e-01
   1.1400000e+00   1.6362849e-01
   1.1410000e+00   8.4278049e-02
   1.1420000e+00   6.2170932e-01
   1.1430000e+00   3.9150521e-01
   1.1440000e+00   9.8006430e-03
   1.1450000e+00   3.5679333e-01
   1.1460000e+00  -4.6191123e-01
   1.1470000e+00  -2.6520656e-01
   1.1480000e+00   2.2789840e-01
   1.1490000e+00   1.8962810e-01
   1.1500000e+00  -2.4080414e-02
   1.1510000e+00  -1.0952835e-01
   1.1520000e+00  -3.5616993e-01
   1.1530000e+00   2.8081585e-01
   1.1540000e+00  -4.7468378e-01
   1.1550000e+00   1.9293094e-01
   1.1560000e+00   1.7062641e-01
   1.1570000e+00   4.1305461e-01
   1.1580000e+00   2.2431201e-02
   1.1590000e+00   4.0237909e-01
   1.1600000e+00   8.7196608e-01
   1.1610000e+00   3.6525727e-01
   1.1620000e+00   1.7641059e-01
   1.1630000e+00   5.5903176e-01
   1.1640000e+00   7.3457506e-02
   1.1650000e+00  -2.0723082e-01
   1.1660000e+00   2.0013730e-02
   1.1670000e+00  -2.9457491e-01
   1.1680000e+00   5.7051719e-02
   1.1690000e+00  -3.1396498e-01
   1.1700000e+00  -2.4530932e-01
   1.1710000e+00  -3.3122496e-02
   1.1720000e+00   2.7327606e-01
   1.1730000e+00  -3.2745652e-01
   1.1740000e+00   2.3834536e-01
   1.1750000e+00   2.0141780e-01
   1.1760000e+00   4.7832343e-01
   1.1770000e+00  -3.8817475e-01
   1.1780000e+00  -1.8982041e-02
   1.1790000e+00   3.1521071e-01
   1.1800000e+00  -5.6152867e-02
   1.1810000e+00  -1.1706006e-01
   1.1820000e+00   3.3527752e-01
   1.1830000e+00   2.0447554e-01
   1.1840000e+00   1.1475763e-01
   1.1850000e+00   4.9318354e-01
   1.1860000e+00  -1.6566315e-01
   1.1870000e+00  -3.0642667e-01
   1.1880000e+00  -2.4811724e-01
   1.1890000e+00  -4.8696073e-01
   1.1900000e+00  -2.2609413e-02
   1.1910000e+00   1.2831656e-01
   1.1920000e+00  -4.1795013e-01
   1.1930000e+00   7.5839353e-02
   1.1940000e+00  -4.6169493e-01
   1.1950000e+00   2.9906836e-01
   1.1960000e+00  -3.3724931e-01
   1.1970000e+00   1.6811201e-01
   1.1980000e+00  -9.6942265e-03
   1.1990000e+00   4.5931642e-01
   1.2000000e+00   1.6612636e-01
   1.2010000e+00   1.4215122e-01
   1.2020000e+00   5.0119770e-01
   1.2030000e+00  -6.6955562e-02
   1.2040000e+00  -2.6407470e-02
   1.2050000e+00   4.2587586e-01
   1.2060000e+00  -5.5716003e-01
   1.2070000e+00   3.1774686e-01
   1.2080000e+00  -5.1025098e-01
   1.2090000e+00  -6.0745429e-02
   1.2100000e+00   2.1518519e-01
   1.2110000e+00   3.2948669e-01
   1.2120000e+00   5.9644225e-02
   1.2130000e+00  -3.4933049e-02
   1.2140000e+00   2.1169306e-01
   1.2150000e+00  -5.1839695e-01
   1.2160000e+00  -3.9197752e-01
   1.2170000e+00   5.5470429e-01
   1.2180000e+00   2.7549851e-01
   1.2190000e+00  -1.1620531e-01
   1.2200000e+00   6.5836717e-02
   1.2210000e+00  -2.2542260e-01
   1.2220000e+00  -1.0741221e-01
   1.2230000e+00  -1.6225121e-01
   1.2240000e+00  -1.4418579e-01
   1.2250000e+00  -3.8542041e-01
   1.2260000e+00  -2.5145016e-01
   1.2270000e+00  -5.3355302e-01
   1.2280000e+00   1.8469523e-01
   1.2290000e+00  -6.3358734e-01
   1.2300000e+00   1.9238620e-01
   1.2310000e+00  -3.2884576e-01
   1.2320000e+00  -6.5205636e-01
   1.2330000e+00  -3.1283797e-01
   1.2340000e+00   1.3650833e-01
   1.2350000e+00   6.1942773e-01
   1.2360000e+00   4.4729487e-01
   1.2370000e+00   6.6020609e-01
   1.2380000e+00   5.1778167e-01
   1.2390000e+00  -2.9265133e-01
   1.2400000e+00  -3.3993046e-02
   1.2410000e+00  -3.0125157e-01
   1.2420000e+00  -1.8037426e-01
   1.2430000e+00   3.0006843e-01
   1.2440000e+00   2.4590225e-01
   1.2450000e+00   3.4014465e-01
   1.2460000e+00  -1.7024860e-02
   1.2470000e+00  -5.8452714e-01
   1.2480000e+00   2.2328675e-01
   1.2490000e+00   7.2506363e-02
   1.2500000e+00  -4.5170757e-01
   1.2510000e+00  -1.8420250e-01
   1.2520000e+00   2.8531841e-01
   1.2530000e+00   6.0466591e-02
   1.2540000e+00   2.3951177e-01
   1.2550000e+00  -1.0439386e-01
   1.2560000e+00  -5.2263113e-03
   1.2570000e+00   1.4061604e-01
   1.2580000e+00  -1.0675948e-01
   1.2590000e+00   4.0157535e-01
   1.2600000e+00   1.6623335e-01
   1.2610000e+00   6.7360654e-01
   1.2620000e+00   3.2197456e-01
   1.2630000e+00  -2.8137274e-01
   1.2640000e+00  -2.7809314e-04
   1.2650000e+00  -1.7519514e-01
   1.2660000e+00   1.8865560e-01
   1.2670000e+00   1.2508434e-01
   1.2680000e+00  -3.0945610e-02
   1.2690000e+00  -5.9436187e-01
   1.2700000e+00  -7.1609854e-01
   1.2710000e+00  -1.6802502e-01
   1.2720000e+00  -3.9863881e-01
   1.2730000e+00   2.8419824e-01
   1.2740000e+00   3.8144581e-01
   1.2750000e+00  -2.5103404e-01
   1.2760000e+00   3.2496926e-01
   1.2770000e+00   4.7601398e-01
   1.2780000e+00   2.2167555e-01
   1.2790000e+00   5.3657361e-01
   1.2800000e+00   6.0607712e-01
   1.2810000e+00   2.0171496e-01
   1.2820000e+00   3.5253580e-01
   1.2830000e+00   1.5666092e-01
   1.2840000e+00  -4.4999356e-01
   1.2850000e+00  -9.1123448e-02
   1.2860000e+00   4.1708413e-01
   1.2870000e+00   2.5207148e-01
   1.2880000e+00  -3.2714516e-01
   1.2890000e+00   2.0926894e-01
   1.2900000e+00   9.1878399e-02
   1.2910000e+00   1.2121975e-01
   1.2920000e+00  -3.2692358e-01
   1.2930000e+00  -6.2026901e-02
   1.2940000e+00   2.7309474e-01
   1.2950000e+00   3.9584718e-01
   1.2960000e+00   1.9261325e-01
   1.2970000e+00  -2.1332092e-01
   1.2980000e+00   2.7799957e-01
   1.2990000e+00  -2.7539157e-01
   1.3000000e+00   6.9072489e-02
   1.3010000e+00   3.1948841e-01
   1.3020000e+00   5.5787463e-01
   1.3030000e+00   3.9085266e-01
   1.3040000e+00   8.6972449e-03
   1.3050000e+00   2.1909478e-01
   1.3060000e+00  -1.8241037e-01
   1.3070000e+00   3.1657452e-01
   1.3080000e+00   2.8851688e-01
   1.3090000e+00   1.3628180e-01
   1.3100000e+00  -3.4877065e-01
   1.3110000e+00   9.3116099e-02
   1.3120000e+00  -7.0690627e-02
   1.3130000e+00   5.2713162e-01
   1.3140000e+00   2.8337978e-01
   1.3150000e+00   3.7605726e-01
   1.3160000e+00   8.2433897e-02
   1.3170000e+00   1.7877073e-01
   1.3180000e+00  -2.2697431e-01
   1.3190000e+00   5.5227036e-01
   1.3200000e+00   1.1273915e-01
   1.3210000e+00  -1.4177078e-01
   1.3220000e+00   5.2379996e-01
   1.3230000e+00   3.4248816e-01
   1.3240000e+00   4.0663528e-01
   1.3250000e+00  -2.5270421e-01
   1.3260000e+00   7.3768162e-02
   1.3270000e+00   9.0684281e-03
   1.3280000e+00  -5.7664283e-01
   1.3290000e+00  -3.2054731e-01
   1.3300000e+00  -4.6236747e-01
   1.3310000e+00  -1.1195988e-02
   1.3320000e+00  -4.1607344e-01
   1.3330000e+00   2.4098738e-01
   1.3340000e+00   2.2712107e-01
   1.3350000e+00  -1.4762791e-01
   1.3360000e+00   3.8429192e-01
   1.3370000e+00   6.5278782e-01
   1.3380000e+00   8.5243797e-01
   1.3390000e+00   2.6218657e-01
   1.3400000e+00   2.3708274e-01
   1.3410000e+00  -2.1400952e-02
   1.3420000e+00   8.0573574e-02
   1.3430000e+00   2.9369821e-01
   1.3440000e+00   4.0855402e-01
   1.3450000e+00   1.8320125e-01
   1.3460000e+00  -5.8084505e-01
   1.3470000e+00   1.9564991e-02
   1.3480000e+00  -2.6094900e-01
   1.3490000e+00  -2.9004555e-01
   1.3500000e+00  -6.2061761e-01
   1.3510000e+00   8.6815960e-02
   1.3520000e+00  -3.7460239e-01
   1.3530000e+00  -4.0898336e-01
   1.3540000e+00  -2.5674460e-01
   1.3550000e+00  -1.6196229e-01
   1.3560000e+00   7.0702766e-02
   1.3570000e+00   1.4182278e-01
   1.3580000e+00   1.9971202e-02
   1.3590000e+00   5.0687757e-02
   1.3600000e+00   1.7771279e-01
   1.3610000e+00   3.1008742e-01
   1.3620000e+00   9.4914417e-01
   1.3630000e+00   6.9217114e-01
   1.3640000e+00  -7.5771282e-02
   1.3650000e+00   2.9421691e-01
   1.3660000e+00  -4.6511948e-01
   1.3670000e+00  -5.9474470e-01
   1.3680000e+00  -6.1521077e-01
   1.3690000e+00  -5.6396741e-01
   1.3700000e+00  -4.1343451e-01
   1.3710000e+00  -4.2613895e-01
   1.3720000e+00  -6.8777683e-01
   1.3730000e+00  -1.1530638e-01
   1.3740000e+00  -5.0408513e-01
   1.3750000e+00  -3.9113957e-01
   1.3760000e+00   1.5529018e-01
   1.3770000e+00   4.3922304e-01
   1.3780000e+00   5.9837060e-01
   1.3790000e+00   2.2339530e-01
   1.3800000e+00   6.5919579e-01
   1.3810000e+00   2.0609845e-01
   1.3820000e+00   1.3960743e-01
   1.3830000e+00  -8.9415309e-02
   1.3840000e+00  -4.5849229e-02
   1.3850000e+00  -4.5848172e-02
   1.3860000e+00  -5.2842074e-01
   1.3870000e+00   6.0260774e-01
   1.3880000e+00  -2.4890423e-01
   1.3890000e+00  -2.9168077e-01
   1.3900000e+00   8.8975081e-02
   1.3910000e+00  -3.3333104e-01
   1.3920000e+00  -8.5982943e-02
   1.3930000e+00   1.6342926e-01
   1.3940000e+00   2.8677721e-01
   1.3950000e+00   3.9345720e-01
   1.3960000e+00  -2.8506638e-01
   1.3970000e+00  -1.6151512e-01
   1.3980000e+00   5.2201466e-01
   1.3990000e+00   2.4591874e-01
   1.4000000e+00   1.6618566e-01
   1.4010000e+00   2.6536647e-01
   1.4020000e+00   4.4357122e-01
   1.4030000e+00   1.1179179e-01
   1.4040000e+00  -2.7377593e-01
   1.4050000e+00  -8.3760960e-02
   1.4060000e+00  -1.7154690e-01
   1.4070000e+00   3.1084127e-01
   1.4080000e+00  -7.9402771e-02
   1.4090000e+00  -3.2475777e-02
   1.4100000e+00  -1.7489814e-02
   1.4110000e+00  -3.8097054e-01
   1.4120000e+00   1.8361260e-01
   1.4130000e+00   2.8340316e-01
   1.4140000e+00  -4.5202606e-02
   1.4150000e+00   2.4401620e-02
   1.4160000e+00   2.1895226e-01
   1.4170000e+00   6.3581604e-03
   1.4180000e+00   4.6041939e-01
   1.4190000e+00   3.8394394e-01
   1.4200000e+00   2.2376616e-02
   1.4210000e+00   1.0676925e-01
   1.4220000e+00   1.0538872e-02
   1.4230000e+00   3.5545727e-01
   1.4240000e+00   2.5842008e-01
   1.4250000e+00  -1.0737658e-01
   1.4260000e+00   9.4294749e-02
   1.4270000e+00   2.9000201e-01
   1.4280000e+00   8.4774774e-02
   1.4290000e+00  -2.2293871e-02
   1.4300000e+00  -6.2832019e-01
   1.4310000e+00  -3.3793507e-01
   1.4320000e+00  -1.0855309e-01
   1.4330000e+00  -1.9583143e-01
   1.4340000e+00  -5.4911784e-01
   1.4350000e+00  -3.0896684e-01
   1.4360000e+00   3.5833803e-01
   1.4370000e+00  -4.2372683e-02
   1.4380000e+00   8.6577984e-01
   1.4390000e+00   1.2438593e-01
   1.4400000e+00   3.3138816e-01
   1.4410000e+00   1.5276820e-01
   1.4420000e+00  -1.5785723e-01
   1.4430000e+00   1.5151835e-01
   1.4440000e+00  -3.5366188e-01
   1.4450000e+00   1.3351181e-01
   1.4460000e+00   1.2772344e-04
   1.4470000e+00  -5.9923532e-01
   1.4480000e+00  -6.4311481e-01
   1.4490000e+00  -5.7536509e-01
   1.4500000e+00  -7.1803336e-01
   1.4510000e+00  -2.9269018e-01
   1.4520000e+00   1.3276365e-01
   1.4530000e+00  -3.7821305e-02
   1.4540000e+00  -7.9328409e-02
   1.4550000e+00   3.2621380e-01
   1.4560000e+00  -3.7815311e-01
   1.4570000e+00   4.8795483e-01
   1.4580000e+00  -2.6783433e-01
   1.4590000e+00   1.6955364e-01
   1.4600000e+00  -1.9449840e-01
   1.4610000e+00   2.1192745e-01
   1.4620000e+00  -3.7127140e-01
   1.4630000e+00   7.2050462e-01
   1.4640000e+00   7.6261820e-01
   1.4650000e+00   3.7916684e-01
   1.4660000e+00   3.8751045e-01
   1.4670000e+00  -1.5007837e-01
   1.4680000e+00  -4.2803620e-01
   1.4690000e+00  -6.2711522e-01
   1.4700000e+00  -2.2980559e-01
   1.4710000e+00  -1.4225660e-01
   1.4720000e+00   6.3429271e-02
   1.4730000e+00  -5.7224883e-01
   1.4740000e+00   6.2138368e-02
   1.4750000e+00  -2.0675411e-02
   1.4760000e+00  -3.0480301e-01
   1.4770000e+00   5.1846049e-01
   1.4780000e+00   2.1463215e-01
   1.4790000e+00   9.3191558e-02
   1.4800000e+00   6.0426450e-01
   1.4810000e+00   3.0847070e-01
   1.4820000e+00   7.6094682e-02
   1.4830000e+00   4.1960005e-01
   1.4840000e+00   5.6772476e-02
   1.4850000e+00   1.6232640e-02
   1.4860000e+00   8.0607705e-02
   1.4870000e+00  -2.8802157e-01
   1.4880000e+00  -9.0247218e-02
   1.4890000e+00   2.3681776e-01
   1.4900000e+00   1.2923263e-01
   1.4910000e+00  -3.2108897e-01
   1.4920000e+00  -5.8684268e-01
   1.4930000e+00  -2.1136564e-01
   1.4940000e+00  -2.9927342e-01
   1.4950000e+00  -1.3626757e-01
   1.4960000e+00   3.5751254e-01
   1.4970000e+00  -1.6468713e-02
   1.4980000e+00   1.4324911e-02
   1.4990000e+00   1.3005771e-02
   1.5000000e+00  -1.9739907e-01
   1.5010000e+00  -8.7312928e-02
   1.5020000e+00  -2.8903593e-01
   1.5030000e+00   9.2999617e-03
   1.5040000e+00  -2.1856824e-01
   1.5050000e+00  -2.4009904e-01
   1.5060000e+00  -1.7459941e-01
   1.5070000e+00  -5.3600422e-01
   1.5080000e+00  -2.0439090e-01
   1.5090000e+00  -2.1458502e-02
   1.5100000e+00  -4.9408105e-01
   1.5110000e+00   5.7204353e-02
   1.5120000e+00  -6.2536825e-01
   1.5130000e+00   1.0459195e-01
   1.5140000e+00  -2.1430370e-01
   1.5150000e+00   8.0622466e-02
   1.5160000e+00  -4.7455046e-01
   1.5170000e+00  -2.3091770e-01
   1.5180000e+00  -2.3336697e-01
   1.5190000e+00  -7.9367123e-02
   1.5200000e+00  -1.6276236e-01
   1.5210000e+00  -2.0879415e-01
   1.5220000e+00   2.2303458e-01
   1.5230000e+00   4.8096053e-01
   1.5240000e+00   4.6352874e-01
   1.5250000e+00  -3.1646997e-01
   1.5260000e+00  -1.1678645e-01
   1.5270000e+00  -2.7920036e-01
   1.5280000e+00  -1.7567779e-01
   1.5290000e+00  -4.6299314e-01
   1.5300000e+00  -6.6929721e-01
   1.5310000e+00  -2.9153865e-01
   1.5320000e+00  -5.2560479e-01
   1.5330000e+00  -6.2910437e-01
   1.5340000e+00   3.5522045e-01
   1.5350000e+00  -1.0705791e-01
   1.5360000e+00   4.8570755e-01
   1.5370000e+00   3.4231711e-01
   1.5380000e+00  -6.5823658e-03
   1.5390000e+00   7.1035552e-01
   1.5400000e+00   7.6189633e-01
   1.5410000e+00   2.9768566e-01
   1.5420000e+00   1.7645882e-01
   1.5430000e+00  -2.0198865e-01
   1.5440000e+00   2.9651519e-01
   1.5450000e+00  -3.0962610e-01
   1.5460000e+00  -2.2859311e-01
   1.5470000e+00   2.3571734e-01
   1.5480000e+00   1.5691908e-01
   1.5490000e+00  -3.2543218e-01
   1.5500000e+00  -4.1963531e-01
   1.5510000e+00  -1.1923030e-01
   1.5520000e+00   2.1073740e-01
   1.5530000e+00   2.5388671e-01
   1.5540000e+00  -7.8634158e-03
   1.5550000e+00  -2.0508302e-01
   1.5560000e+00   3.7721260e-01
   1.5570000e+00   2.2300518e-02
   1.5580000e+00   5.2850445e-01
   1.5590000e+00  -3.1426372e-01
   1.5600000e+00   1.9477206e-01
   1.5610000e+00   3.6905422e-01
   1.5620000e+00  -1.9654918e-01
   1.5630000e+00  -8.3564450e-02
   1.5640000e+00   8.5621922e-02
   1.5650000e+00   1.7387276e-01
   1.5660000e+00  -1.9560111e-01
   1.5670000e+00  -1.0664518e-01
   1.5680000e+00  -6.5071923e-01
   1.5690000e+00  -1.7513360e-01
   1.5700000e+00  -4.6284302e-01
   1.5710000e+00  -4.8636399e-01
   1.5720000e+00  -4.5631265e-01
   1.5730000e+00  -5.0105203e-01
   1.5740000e+00   3.5695854e-01
   1.5750000e+00   3.9800695e-01
   1.5760000e+00   3.4286341e-01
   1.5770000e+00   3.0816447e-01
   1.5780000e+00  -2.0003930e-01
   1.5790000e+00   1.2927854e-02
   1.5800000e+00  -1.4886445e-01
   1.5810000e+00  -3.4624473e-01
   1.5820000e+00  -5.9431513e-02
   1.5830000e+00   2.7951961e-01
   1.5840000e+00   1.4940415e-01
   1.5850000e+00   5.4077495e-03
   1.5860000e+00  -1.6042062e-01
   1.5870000e+00  -3.6778421e-01
   1.5880000e+00  -1.9779872e-01
   1.5890000e+00   4.0344046e-01
   1.5900000e+00   4.1035362e-01
   1.5910000e+00  -1.5180983e-01
   1.5920000e+00   4.8205013e-02
   1.5930000e+00  -9.6769703e-03
   1.5940000e+00  -4.7623831e-01
   1.5950000e+00  -3.3256566e-02
   1.5960000e+00  -1.2858971e-01
   1.5970000e+00  -3.2794969e-01
   1.5980000e+00  -2.2800156e-01
   1.5990000e+00  -1.4927342e-01
   1.6000000e+00   3.3461581e-01
   1.6010000e+00   8.4068060e-02
   1.6020000e+00   3.1855288e-01
   1.6030000e+00  -1.6331281e-01
   1.6040000e+00  -4.6609238e-01
   1.6050000e+00  -5.3713548e-03
   1.6060000e+00  -3.2006586e-01
   1.6070000e+00   2.9101868e-01
   1.6080000e+00   2.0698544e-01
   1.6090000e+00  -3.3518115e-01
   1.6100000e+00  -7.1279919e-01
   1.6110000e+00  -5.6428932e-02
   1.6120000e+00   1.3771281e-01
   1.6130000e+00   3.1628816e-01
   1.6140000e+00  -1.7676494e-01
   1.6150000e+00   2.9426939e-01
   1.6160000e+00   5.0405927e-01
   1.6170000e+00   2.6654044e-01
   1.6180000e+00   3.4358173e-01
   1.6190000e+00   3.0259763e-01
   1.6200000e+00   3.8926013e-01
   1.6210000e+00   2.6404543e-02
   1.6220000e+00   2.0573106e-01
   1.6230000e+00  -3.0397886e-01
   1.6240000e+00  -4.1819667e-01
   1.6250000e+00   4.4211080e-01
   1.6260000e+00  -3.1463410e-01
   1.6270000e+00  -6.0237177e-02
   1.6280000e+00   2.6270321e-01
   1.6290000e+00  -5.4208747e-01
   1.6300000e+00  -5.4461461e-01
   1.6310000e+00  -3.8622162e-01
   1.6320000e+00   2.3344007e-01
   1.6330000e+00  -2.6454394e-01
   1.6340000e+00  -3.2624112e-01
   1.6350000e+00  -3.8570735e-01
   1.6360000e+00  -7.8742184e-02
   1.6370000e+00  -4.5374908e-02
   1.6380000e+00  -2.4473632e-01
   1.6390000e+00   4.4935760e-01
   1.6400000e+00   1.3145874e-01
   1.6410000e+00   6.6062384e-01
   1.6420000e+00  -3.6487193e-01
   1.6430000e+00   1.5316301e-01
   1.6440000e+00   3.1387883e-01
   1.6450000e+00  -3.0228765e-01
   1.6460000e+00  -1.5143811e-01
   1.6470000e+00  -8.5853293e-02
   1.6480000e+00  -6.3805638e-01
   1.6490000e+00  -2.3157684e-01
   1.6500000e+00  -9.5339191e-02
   1.6510000e+00  -5.0660000e-01
   1.6520000e+00   1.3759862e-01
   1.6530000e+00   3.1586376e-01
   1.6540000e+00   2.4691506e-01
   1.6550000e+00  -3.1654970e-02
   1.6560000e+00  -1.9697542e-01
   1.6570000e+00   3.2651985e-01
   1.6580000e+00  -1.3892064e-01
   1.6590000e+00   6.0990216e-01
   1.6600000e+00   2.8260561e-01
   1.6610000e+00   2.5281902e-01
   1.6620000e+00  -2.0324653e-01
   1.6630000e+00  -3.2975064e-01
   1.6640000e+00  -2.2058882e-01
   1.6650000e+00   6.9451611e-01
   1.6660000e+00   7.0104923e-01
   1.6670000e+00   4.4422291e-02
   1.6680000e+00   2.5724530e-02
   1.6690000e+00  -4.9797965e-01
   1.6700000e+00  -1.6160097e-01
   1.6710000e+00   8.2762376e-02
   1.6720000e+00  -2.9561446e-01
   1.6730000e+00   3.3322779e-01
   1.6740000e+00  -5.0945901e-01
   1.6750000e+00  -2.1671339e-01
   1.6760000e+00   3.5557912e-02
   1.6770000e+00  -3.5949101e-01
   1.6780000e+00   3.4983690e-01
   1.6790000e+00   2.0911263e-01
   1.6800000e+00   1.9170548e-01
   1.6810000e+00   4.8253931e-01
   1.6820000e+00   4.8290801e-01
   1.6830000e+00   3.6893155e-01
   1.6840000e+00  -1.5801797e-01
   1.6850000e+00  -8.5446972e-02
   1.6860000e+00   1.5277015e-01
   1.6870000e+00  -5.4534977e-01
   1.6880000e+00  -5.8971546e-01
   1.6890000e+00  -4.5798207e-01
   1.6900000e+00   1.5658292e-01
   1.6910000e+00   6.3022535e-01
   1.6920000e+00   1.0950861e-02
   1.6930000e+00  -3.4335153e-01
   1.6940000e+00  -3.0800070e-01
   1.6950000e+00   3.1270291e-01
   1.6960000e+00   4.3579640e-01
   1.6970000e+00   2.1917877e-01
   1.6980000e+00  -1.2048073e-01
   1.6990000e+00  -2.5877728e-01
   1.7000000e+00   5.0060116e-01
   1.7010000e+00   2.3727550e-01
   1.7020000e+00   5.7225771e-01
   1.7030000e+00  -3.5906845e-01
   1.7040000e+00   1.0879028e-01
   1.7050000e+00  -2.5254634e-01
   1.7060000e+00   2.2827435e-01
   1.7070000e+00  -4.6422504e-01
   1.7080000e+00  -2.5692786e-01
   1.7090000e+00  -3.3445422e-01
   1.7100000e+00   8.8919553e-02
   1.7110000e+00  -5.0994636e-02
   1.7120000e+00  -4.9185479e-01
   1.7130000e+00  -3.3710675e-01
   1.7140000e+00  -4.6564684e-01
   1.7150000e+00   4.9940846e-01
   1.7160000e+00   4.7658005e-01
   1.7170000e+00   1.4694969e-01
   1.7180000e+00  -2.2819525e-01
   1.7190000e+00   1.2863660e-01
   1.7200000e+00   5.7044799e-01
   1.7210000e+00   2.0473190e-01
   1.7220000e+00  -3.4291113e-01
   1.7230000e+00  -3.6623445e-01
   1.7240000e+00   3.2921220e-01
   1.7250000e+00  -8.6279571e-02
   1.7260000e+00  -2.1681160e-01
   1.7270000e+00   1.3443223e-01
   1.7280000e+00  -3.3517096e-01
   1.7290000e+00  -1.9551579e-01
   1.7300000e+00  -2.5997720e-02
   1.7310000e+00   1.4361079e-01
   1.7320000e+00  -3.7076821e-01
   1.7330000e+00  -5.0934509e-03
   1.7340000e+00   3.7537832e-01
   1.7350000e+00  -4.6168706e-01
   1.7360000e+00   1.1116814e-01
   1.7370000e+00  -6.2108776e-03
   1.7380000e+00  -6.6714600e-02
   1.7390000e+00  -8.3609081e-02
   1.7400000e+00   7.8271184e-01
   1.7410000e+00   1.0252129e+00
   1.7420000e+00   2.0400042e-01
   1.7430000e+00   3.6104789e-01
   1.7440000e+00  -2.8005305e-01
   1.7450000e+00   4.5470455e-01
   1.7460000e+00   2.0280375e-01
   1.7470000e+00  -2.3098477e-01
   1.7480000e+00   2.9406043e-02
   1.7490000e+00  -2.2951215e-01
   1.7500000e+00   7.1335841e-02
   1.7510000e+00  -3.7135680e-01
   1.7520000e+00  -6.2621439e-01
   1.7530000e+00  -6.4220021e-02
   1.7540000e+00   3.1073001e-01
   1.7550000e+00  -3.4388849e-01
   1.7560000e+00  -4.3483235e-02
   1.7570000e+00   3.2906235e-01
   1.7580000e+00  -3.3666654e-01
   1.7590000e+00   5.9888187e-01
   1.7600000e+00   4.2601890e-01
   1.7610000e+00   2.1137743e-01
   1.7620000e+00  -1.9200808e-01
   1.7630000e+00   7.7851440e-02
   1.7640000e+00   4.1994573e-02
   1.7650000e+00   4.5658858e-01
   1.7660000e+00   6.2883386e-01
   1.7670000e+00   6.9647246e-01
   1.7680000e+00  -2.0516816e-02
   1.7690000e+00  -3.2436434e-01
   1.7700000e+00   1.9732466e-01
   1.7710000e+00  -2.4838118e-01
   1.7720000e+00  -4.6766621e-01
   1.7730000e+00  -2.5892123e-01
   1.7740000e+00   1.0561965e-01
   1.7750000e+00   2.0904609e-02
   1.7760000e+00   2.8077967e-01
   1.7770000e+00   5.7538368e-01
   1.7780000e+00   5.8658038e-01
   1.7790000e+00   1.8762398e-01
   1.7800000e+00   6.2621570e-01
   1.7810000e+00  -2.3181724e-01
   1.7820000e+00  -3.2440273e-01
   1.7830000e+00  -1.1574843e-01
   1.7840000e+00   1.0434081e-01
   1.7850000e+00  -6.6899735e-03
   1.7860000e+00   3.0175027e-01
   1.7870000e+00  -1.1466105e-01
   1.7880000e+00  -2.6747721e-01
   1.7890000e+00  -1.8519874e-01
   1.7900000e+00  -2.5239620e-02
   1.7910000e+00  -3.4175102e-01
   1.7920000e+00   4.8674306e-01
   1.7930000e+00  -5.1270215e-01
   1.7940000e+00  -1.2098335e-01
   1.7950000e+00  -2.8081907e-01
   1.7960000e+00  -1.0675934e-01
   1.7970000e+00   2.4166754e-01
   1.7980000e+00  -2.0624221e-01
   1.7990000e+00  -6.8659102e-02
   1.8000000e+00  -1.3943263e-01
   1.8010000e+00  -1.5237159e-01
   1.8020000e+00  -4.9011379e-02
   1.8030000e+00   4.6024049e-01
   1.8040000e+00  -4.7491619e-03
   1.8050000e+00  -1.3368505e-01
   1.8060000e+00  -4.2022635e-01
   1.8070000e+00   3.1371352e-01
   1.8080000e+00  -2.9200209e-01
   1.8090000e+00   1.1662167e-01
   1.8100000e+00  -1.2232933e-01
   1.8110000e+00  -3.5125465e-01
   1.8120000e+00   1.7772392e-01
   1.8130000e+00   1.2964095e-01
   1.8140000e+00  -1.3450354e-01
   1.8150000e+00   2.7632250e-01
   1.8160000e+00   7.8803311e-01
   1.8170000e+00   3.9042117e-01
   1.8180000e+00   3.5559839e-01
   1.8190000e+00   2.4920398e-01
   1.8200000e+00   5.6433638e-01
   1.8210000e+00   3.5462333e-01
   1.8220000e+00   1.6040751e-03
   1.8230000e+00   3.1485855e-01
   1.8240000e+00   4.7825176e-01
   1.8250000e+00   5.1586873e-03
   1.8260000e+00  -5.9351992e-02
   1.8270000e+00  -3.4410184e-01
   1.8280000e+00  -6.2822325e-01
   1.8290000e+00  -5.4588526e-01
   1.8300000e+00  -6.4466550e-01
   1.8310000e+00  -2.6437648e-01
   1.8320000e+00  -6.9012531e-01
   1.8330000e+00   2.5981444e-01
   1.8340000e+00   4.3283914e-02
   1.8350000e+00  -5.3623537e-01
   1.8360000e+00  -4.4546575e-01
   1.8370000e+00  -2.1162715e-01
   1.8380000e+00   7.9115118e-02
   1.8390000e+00  -2.2017709e-01
   1.8400000e+00  -3.2900674e-01
   1.8410000e+00   7.4107648e-01
   1.8420000e+00   3.5554544e-01
   1.8430000e+00   7.5346857e-01
   1.8440000e+00  -3.9194385e-02
   1.8450000e+00  -1.0109964e-01
   1.8460000e+00  -5.5024464e-01
   1.8470000e+00  -6.0557957e-01
   1.8480000e+00  -6.0835765e-01
   1.8490000e+00  -1.3382870e-01
   1.8500000e+00  -4.9657037e-01
   1.8510000e+00   1.1350337e-01
   1.8520000e+00   1.5775494e-01
   1.8530000e+00   3.0840072e-01
   1.8540000e+00  -1.1055804e-01
   1.8550000e+00  -3.1734433e-01
   1.8560000e+00  -2.4964239e-01
   1.8570000e+00   1.1669043e-01
   1.8580000e+00   3.8625868e-01
   1.8590000e+00   1.2402790e-04
   1.8600000e+00   1.2357733e-01
   1.8610000e+00   2.9188064e-01
   1.8620000e+00   5.4148501e-01
   1.8630000e+00  -2.5852480e-01
   1.8640000e+00   2.3978438e-01
   1.8650000e+00   4.0084450e-02
   1.8660000e+00  -1.6615885e-01
   1.8670000e+00   6.0231131e-01
   1.8680000e+00   8.2713931e-02
   1.8690000e+00  -5.4889058e-01
   1.8700000e+00  -1.0432085e-01
   1.8710000e+00  -1.0386517e-01
   1.8720000e+00  -3.7151623e-01
   1.8730000e+00   1.4775384e-01
   1.8740000e+00   4.0002003e-01
   1.8750000e+00   4.4332374e-01
   1.8760000e+00  -3.4881408e-01
   1.8770000e+00  -1.8785723e-01
   1.8780000e+00  -3.5221856e-01
   1.8790000e+00   2.5998949e-01
   1.8800000e+00  -2.2684510e-01
   1.8810000e+00   6.0016385e-02
   1.8820000e+00   5.0822578e-01
   1.8830000e+00   1.2803540e-01
   1.8840000e+00  -1.0684795e-01
   1.8850000e+00  -3.2930844e-01
   1.8860000e+00  -1.5851455e-01
   1.8870000e+00   3.0098468e-01
   1.8880000e+00  -5.7543191e-01
   1.8890000e+00  -2.5710248e-01
   1.8900000e+00   1.1924190e-01
   1.8910000e+00  -6.8447526e-01
   1.8920000e+00   3.6144732e-01
   1.8930000e+00   7.0889399e-01
   1.8940000e+00  -3.1618993e-01
   1.8950000e+00  -4.0387393e-01
   1.8960000e+00   2.0942866e-01
   1.8970000e+00   4.8935718e-01
   1.8980000e+00   2.3501796e-01
   1.8990000e+00   5.5253967e-01
   1.9000000e+00  -1.4422067e-01
   1.9010000e+00   4.0698146e-01
   1.9020000e+00  -2.9590310e-02
   1.9030000e+00  -1.4719611e-03
   1.9040000e+00  -3.2013120e-01
   1.9050000e+00   2.8134616e-01
   1.9060000e+00   2.5465703e-02
   1.9070000e+00   8.3348945e-02
   1.9080000e+00   1.0565460e-01
   1.9090000e+00  -6.6064307e-01
   1.9100000e+00   2.1313589e-01
   1.9110000e+00  -2.3028872e-01
   1.9120000e+00   5.5688080e-02
   1.9130000e+00   8.7193594e-02
   1.9140000e+00   2.3167175e-01
   1.9150000e+00  -3.8115258e-01
   1.9160000e+00  -1.8542306e-02
   1.9170000e+00   5.6328312e-01
   1.9180000e+00   9.3745233e-01
   1.9190000e+00   8.8460511e-01
   1.9200000e+00   5.5776909e-01
   1.9210000e+00   2.3507540e-01
   1.9220000e+00   2.0689578e-01
   1.9230000e+00   4.3482856e-01
   1.9240000e+00  -4.4098533e-01
   1.9250000e+00   3.4776567e-01
   1.9260000e+00  -1.9172701e-01
   1.9270000e+00  -6.1882945e-01
   1.9280000e+00   4.6690118e-02
   1.9290000e+00  -5.7303696e-01
   1.9300000e+00  -5.9374610e-01
   1.9310000e+00  -1.2190668e-01
   1.9320000e+00  -4.4497698e-01
   1.9330000e+00  -3.3105727e-01
   1.9340000e+00  -1.9766691e-01
   1.9350000e+00  -1.3128110e-01
   1.9360000e+00  -8.9659888e-02
   1.9370000e+00   1.8970445e-01
   1.9380000e+00  -2.0896030e-01
   1.9390000e+00  -1.5935105e-01
   1.9400000e+00  -2.4302556e-01
   1.9410000e+00  -2.4256850e-02
   1.9420000e+00   7.5502590e-01
   1.9430000e+00   1.9114063e-01
   1.9440000e+00   6.5747444e-01
   1.9450000e+00   1.5516399e-01
   1.9460000e+00   2.2462039e-01
   1.9470000e+00   1.7276607e-01
   1.9480000e+00  -4.0608989e-01
   1.9490000e+00  -4.1849649e-01
   1.9500000e+00  -2.1462463e-01
   1.9510000e+00  -4.0256674e-01
   1.9520000e+00   1.3238469e-01
   1.9530000e+00   1.5508331e-01
   1.9540000e+00  -4.2459563e-02
   1.9550000e+00  -2.7469039e-01
   1.9560000e+00   2.0471518e-01
   1.9570000e+00  -1.8644423e-01
   1.9580000e+00   8.0574338e-02
   1.9590000e+00   3.7123772e-02
   1.9600000e+00   2.0094701e-01
   1.9610000e+00   6.4426060e-01
   1.9620000e+00   3.7936937e-01
   1.9630000e+00   5.6035747e-01
   1.9640000e+00  -2.4106839e-01
   1.9650000e+00  -9.0953373e-03
   1.9660000e+00  -5.4802177e-01
   1.9670000e+00   1.0166399e-01
   1.9680000e+00   2.7564194e-01
   1.9690000e+00   5.1826298e-01
   1.9700000e+00   2.5062271e-01
   1.9710000e+00   2.0161874e-01
   1.9720000e+00  -2.8994289e-01
   1.9730000e+00  -6.5487001e-01
   1.9740000e+00  -5.8579502e-02
   1.9750000e+00  -3.2992380e-01
   1.9760000e+00  -2.5656744e-01
   1.9770000e+00  -9.4291113e-02
   1.9780000e+00  -2.7990161e-01
   1.9790000e+00   4.0009054e-01
   1.9800000e+00   4.1085453e-01
   1.9810000e+00   1.9585631e-01
   1.9820000e+00  -3.7718710e-02
   1.9830000e+00   4.1223629e-01
   1.9840000e+00   7.6721151e-02
   1.9850000e+00   4.1988869e-01
   1.9860000e+00   2.9337549e-01
   1.9870000e+00  -2.9870786e-01
   1.9880000e+00  -1.5305593e-01
   1.9890000e+00  -3.8118398e-01
   1.9900000e+00  -1.1485164e-01
   1.9910000e+00   6.8758956e-02
   1.9920000e+00   4.6417077e-02
   1.9930000e+00  -1.6055524e-01
   1.9940000e+00   6.0789618e-01
   1.9950000e+00  -5.1250392e-01
   1.9960000e+00  -6.1422146e-02
   1.9970000e+00   3.1131009e-01
   1.9980000e+00   4.0552297e-01
   1.9990000e+00   1.9842793e-02
   2.0000000e+00   4.0721343e-01
